2015 399.95
2016 403.12
2017 405.76
2018 408.63
2019 411.51
2020 414.39
2021 417.29
2022 420.20
2023 423.12
2024 426.07
2025 429.03
2026 432.01
2027 435.01
2028 438.03
2029 441.08
2030 444.14
2031 447.23
2032 450.33
2033 453.43
2034 456.54
2035 459.65
2036 462.77
2037 465.90
2038 469.03
2039 472.18
2040 475.34
2041 478.50
2042 481.67
2043 484.84
2044 488.00
2045 491.15
2046 494.30
2047 497.45
2048 500.59
2049 503.73
2050 506.87
2051 510.01
2052 513.14
2053 516.23
2054 519.29
2055 522.33
2056 525.33
2057 528.31
2058 531.26
2059 534.19
2060 537.08
2061 539.96
2062 542.79
2063 545.59
2064 548.33
2065 551.04
2066 553.70
2067 556.32
2068 558.89
2069 561.43
2070 563.92
2071 566.38
2072 568.77
2073 571.08
2074 573.31
2075 575.47
2076 577.54
2077 579.54
2078 581.46
2079 583.30
2080 585.07
2081 586.77
2082 588.38
2083 589.89
2084 591.30
2085 592.61
2086 593.82
2087 594.94
2088 595.97
2089 596.90
2090 597.73
2091 598.48
2092 599.15
2093 599.78
2094 600.35
2095 600.89
2096 601.37
2097 601.80
2098 602.18
2099 602.51
2100 602.78