2015  399.95
2016  403.12
2017  405.75
2018  408.59
2019  411.42
2020  414.23
2021  417.04
2022  419.81
2023  422.50
2024  425.12
2025  427.67
2026  430.17
2027  432.60
2028  434.97
2029  437.29
2030  439.56
2031  441.78
2032  443.93
2033  445.99
2034  447.97
2035  449.87
2036  451.68
2037  453.43
2038  455.09
2039  456.68
2040  458.20
2041  459.65
2042  461.02
2043  462.31
2044  463.54
2045  464.68
2046  465.75
2047  466.75
2048  467.68
2049  468.53
2050  469.31
2051  470.02
2052  470.66
2053  471.25
2054  471.78
2055  472.25
2056  472.66
2057  473.02
2058  473.32
2059  473.56
2060  473.75
2061  473.88
2062  473.96
2063  474.00
2064  474.00
2065  473.96
2066  473.87
2067  473.75
2068  473.58
2069  473.36
2070  473.11
2071  472.81
2072  472.46
2073  472.04
2074  471.56
2075  471.02
2076  470.41
2077  469.75
2078  469.02
2079  468.24
2080  467.39
2081  466.48
2082  465.54
2083  464.56
2084  463.56
2085  462.53
2086  461.47
2087  460.38
2088  459.26
2089  458.10
2090  456.92
2091  455.71
2092  454.50
2093  453.32
2094  452.16
2095  451.02
2096  449.91
2097  448.81
2098  447.73
2099  446.67
2100  445.62
